1 byte = 8bit = 0-255
-----------------------
Sign bit
3 ways:
1. sign (flip mose significant bit)
2. one's complement (flip all bits)
2. two's complement (flip all bits + 1)


num                     S/M                 One's               two's
0000                    1000                1111                0000
0001                    1001                1110                1111
0010                    1010                1101                1110
0011                    1011                1100                1101
0100                    1100                1011                1100
0101                    1101                1010                1011
0110                    1110                1001                1010
0111                    1111                1000                1001
1000                    0000                0111                0111                    
1001                    0001                0110                0110                    
1010                    0010                0101                0101                    
1011                    0011                0100                0100                    
1100                    0100                0011                0011                    
1101                    0101                0010                0010                    
1110                    0110                0001                0001                    
1111                    0111                0000                0000                    


0  > 15
-8 > 7

0 > 255
-128 > 127


1. 
-7 -6 -5 -4 -3 -2 -1 -0 0 1 2 3 4 5 6 7

2.
-7 -6 -5 -4 -3 -2 -1 -0 0 1 2 3 4 5 6 7

3.
-8 -7 -6 -5 -4 -3 -2 -1 0 1 2 3 4 5 6 7

    1111
+  11111
=   0000

    1011
+   0111
=   1100

-----------------------
-----------------------
-----------------------
-----------------------